0
	0	 4,   1.29248125
	1	 5,  1.430676558
	2	10,  1.477121255
	3	26,  1.493981039
	4	27,  1.494993195
	5	37,  1.496206093
1
	0	 8,  1.269118307
	1	16,  1.348079356
	2	27,  1.437024538
	3	32,  1.488588699
	4	36,  1.492138767
2
	0	 9, 0.8154648768
	1	16,  1.226722649
	2	17,  1.244650542
	3	27,  1.271196031
	4	27,  1.321882424
	5	32,  1.421704891
	6	41,  1.482489484
3
	0	25,  1.056641376
	1	28,  1.121680739
	2	32,  1.190839262
	3	32,  1.225856603
	4	43,  1.476379723
4
	0	27,  1.031967758
	1	33,  1.198239863
	2	48,  1.457404835
	3	76,  1.465256773
5
	0	32, 0.9813781191
	1	49,  1.373934848
	2	49,  1.406095414
	3	54,  1.444490957
	4	55,  1.447120164
6
	0	49, 0.9603911106
	1	50,   1.08600978
	2	54,  1.340468517
	3	59,  1.439421954
	4	81,  1.444011783
7
	0	64, 0.8987195705
	1	64,  1.285707586
	2	64,  1.299069311
	3	64,  1.394387036
	4	64,  1.419283306
	5	64,  1.434555052
8
	0	65,  1.166047646
	1	67,  1.426133283
	2	98,   1.43313622
9
	0	72,  1.415691377
	1	73,  1.417614825
10
	0	75,  1.343163548
	1	81,  1.357655198
	2	81,  1.384068559
	3	81,   1.39620796
	4	81,  1.402043147
	5	83,  1.405481806
11
	0	81, 0.7739758186
	1	81, 0.8505433757
	2	81,  1.052457919
	3	81,  1.216786756
	4	82,  1.249303899
	5	85,  1.403308602
12
	0	88,   1.37036036
	1	89,  1.399176793
13
	0	91,  1.397210214
14
	0	96,  1.390261237
	1	97,  1.391666157
15
	0	99,  1.335235008

Poset width: 16
 4,   1.29248125	1 2 5 5 3 2 3 3 2 1 1 6 1 1 1 1 
 5,  1.430676558	2 3 7 5 3 4 4 6 3 0 0 0 0 0 0 0 
 8,  1.269118307	3 1 4 5 3 2 3 2 2 1 1 6 1 1 1 1 
 9, 0.8154648768	3 2 1 1 1 1 1 1 1 1 1 2 1 1 1 1 
10,  1.477121255	3 4 7 0 0 0 0 0 0 0 0 0 0 0 0 0 
16,  1.226722649	4 2 2 5 3 2 3 2 2 1 1 5 1 1 1 1 
16,  1.348079356	4 2 6 5 3 2 4 4 2 1 2 6 1 1 1 0 
17,  1.244650542	4 3 3 5 3 2 3 2 2 1 1 5 1 1 1 1 
25,  1.056641376	4 3 4 1 2 2 2 2 1 1 1 4 1 1 1 1 
26,  1.493981039	4 0 0 0 0 0 0 0 0 0 0 0 0 0 0 0 
27,  1.031967758	5 3 4 2 1 2 2 2 1 1 1 3 1 1 1 1 
27,  1.271196031	5 3 4 5 3 2 3 2 2 1 1 6 1 1 1 1 
27,  1.321882424	5 3 5 5 3 2 3 4 2 1 1 6 1 1 1 1 
27,  1.437024538	5 3 7 5 3 4 4 0 0 0 0 0 0 0 0 0 
27,  1.494993195	5 0 0 0 0 0 0 0 0 0 0 0 0 0 0 0 
28,  1.121680739	6 4 6 2 2 2 3 2 1 1 1 4 1 1 1 1 
32, 0.9813781191	6 4 6 3 2 1 2 2 1 1 1 3 1 1 1 1 
32,  1.190839262	6 4 6 3 2 2 3 2 2 1 1 4 1 1 1 1 
32,  1.225856603	6 4 6 4 3 2 3 2 2 1 1 5 1 1 1 1 
32,  1.421704891	6 4 6 5 3 4 4 6 2 0 0 0 0 0 0 0 
32,  1.488588699	6 4 0 0 0 0 0 0 0 0 0 0 0 0 0 0 
33,  1.198239863	6 5 7 5 2 2 3 2 2 1 1 4 1 1 1 1 
36,  1.492138767	6 5 0 0 0 0 0 0 0 0 0 0 0 0 0 0 
37,  1.496206093	6 0 0 0 0 0 0 0 0 0 0 0 0 0 0 0 
41,  1.482489484	0 0 7 0 0 0 0 0 0 0 0 0 0 0 0 0 
43,  1.476379723	0 0 0 5 0 0 0 0 0 0 0 0 0 0 0 0 
48,  1.457404835	0 0 0 0 3 0 0 0 0 0 0 0 0 0 0 0 
49, 0.9603911106	0 0 0 0 4 2 1 2 1 1 1 3 1 1 1 1 
49,  1.373934848	0 0 0 0 4 2 4 4 2 1 3 6 2 1 1 0 
49,  1.406095414	0 0 0 0 4 3 4 5 2 1 0 0 0 0 0 0 
50,   1.08600978	0 0 0 0 4 4 2 2 1 1 1 4 1 1 1 1 
54,  1.340468517	0 0 0 0 4 4 3 4 2 1 1 6 1 1 1 0 
54,  1.444490957	0 0 0 0 4 4 0 0 0 0 0 0 0 0 0 0 
55,  1.447120164	0 0 0 0 4 5 0 0 0 0 0 0 0 0 0 0 
59,  1.439421954	0 0 0 0 4 0 4 0 0 0 0 0 0 0 0 0 
64, 0.8987195705	0 0 0 0 4 0 5 1 1 1 1 3 1 1 1 1 
64,  1.285707586	0 0 0 0 4 0 5 2 2 1 1 6 1 1 1 1 
64,  1.299069311	0 0 0 0 4 0 5 3 2 1 1 6 1 1 1 1 
64,  1.394387036	0 0 0 0 4 0 5 4 2 1 4 6 2 1 0 0 
64,  1.419283306	0 0 0 0 4 0 5 5 2 0 0 0 0 0 0 0 
64,  1.434555052	0 0 0 0 4 0 5 6 0 0 0 0 0 0 0 0 
65,  1.166047646	0 0 0 0 4 0 5 0 1 1 1 4 1 1 1 1 
67,  1.426133283	0 0 0 0 4 0 5 0 2 0 0 0 0 0 0 0 
72,  1.415691377	0 0 0 0 4 0 5 0 3 1 0 0 0 0 0 0 
73,  1.417614825	0 0 0 0 4 0 5 0 3 2 0 0 0 0 0 0 
75,  1.343163548	0 0 0 0 4 0 5 0 3 0 1 6 1 1 1 0 
76,  1.465256773	0 0 0 0 4 0 0 0 0 0 0 0 0 0 0 0 
81, 0.7739758186	0 0 0 0 0 0 5 0 3 0 2 1 1 1 1 1 
81, 0.8505433757	0 0 0 0 0 0 5 0 3 0 2 2 1 1 1 1 
81,  1.052457919	0 0 0 0 0 0 5 0 3 0 2 3 1 1 1 1 
81,  1.216786756	0 0 0 0 0 0 5 0 3 0 2 4 1 1 1 1 
81,  1.357655198	0 0 0 0 0 0 5 0 3 0 2 6 1 1 1 0 
81,  1.384068559	0 0 0 0 0 0 5 0 3 0 3 6 2 1 1 0 
81,   1.39620796	0 0 0 0 0 0 5 0 3 0 4 6 2 1 0 0 
81,  1.402043147	0 0 0 0 0 0 5 0 3 0 5 6 0 0 0 0 
81,  1.444011783	0 0 0 0 0 0 5 0 0 0 0 0 0 0 0 0 
82,  1.249303899	0 0 0 0 0 0 0 0 3 0 6 5 1 1 1 1 
83,  1.405481806	0 0 0 0 0 0 0 0 3 0 6 0 0 0 0 0 
85,  1.403308602	0 0 0 0 0 0 0 0 3 0 0 6 0 0 0 0 
88,   1.37036036	0 0 0 0 0 0 0 0 3 0 0 0 1 1 1 0 
89,  1.399176793	0 0 0 0 0 0 0 0 3 0 0 0 2 0 0 0 
91,  1.397210214	0 0 0 0 0 0 0 0 3 0 0 0 0 1 0 0 
96,  1.390261237	0 0 0 0 0 0 0 0 3 0 0 0 0 0 1 0 
97,  1.391666157	0 0 0 0 0 0 0 0 3 0 0 0 0 0 2 0 
98,   1.43313622	0 0 0 0 0 0 0 0 3 0 0 0 0 0 0 0 
99,  1.335235008	0 0 0 0 0 0 0 0 0 0 0 0 0 0 0 1 
